BOLSIG+ version: 07/2024
Collision input data:
--------------------------------------------------
CO2
concat_xsections.dat
--------------------------------------------------
CO
concat_xsections.dat
--------------------------------------------------
H2O
concat_xsections.dat
--------------------------------------------------
N2
concat_xsections.dat
--------------------------------------------------
O2
concat_xsections.dat



Angular frequency / N (m3.rad/s)           0.00000
Cosine of E-B field angle                  0.00000
Gas temperature (K)                        2000.00
Excitation temperature (K)                 2000.00
Transition energy (eV)                     0.00000
Ionization degree                          0.00000
Gas particle density (1/m3)               0.370000E+25
Ion charge parameter                       1.00000
Ion/neutral mass ratio                     1.00000
Coulomb collision model                    1.00000
Energy sharing                             1.00000
Growth model                               1.00000
Maxwellian mean energy (eV)                0.00000
# of grid points                           200.000
Precision                                 0.100000E-11
Convergence                               0.100000E-05
Maximum # of iterations                    10000.0
Mole fraction CO2                         0.780142E-01
Mole fraction CO                          0.101317E-02
Mole fraction H2O                         0.155015
Mole fraction N2                          0.727457
Mole fraction O2                          0.385005E-01


E/N (Td)      	Electric field / N (Td)
0.100000	0.100000
0.109750	0.109750
0.120450	0.120450
0.132194	0.132194
0.145083	0.145083
0.159228	0.159228
0.174753	0.174753
0.191791	0.191791
0.210490	0.210490
0.231013	0.231013
0.253536	0.253536
0.278256	0.278256
0.305386	0.305386
0.335160	0.335160
0.367838	0.367838
0.403702	0.403702
0.443062	0.443062
0.486260	0.486260
0.533670	0.533670
0.585702	0.585702
0.642807	0.642807
0.705480	0.705480
0.774264	0.774264
0.849753	0.849753
0.932603	0.932603
1.02353	1.02353
1.12332	1.12332
1.23285	1.23285
1.35305	1.35305
1.48497	1.48497
1.62975	1.62975
1.78865	1.78865
1.96304	1.96304
2.15443	2.15443
2.36449	2.36449
2.59502	2.59502
2.84804	2.84804
3.12572	3.12572
3.43047	3.43047
3.76494	3.76494
4.13201	4.13201
4.53488	4.53488
4.97702	4.97702
5.46228	5.46228
5.99484	5.99484
6.57933	6.57933
7.22081	7.22081
7.92483	7.92483
8.69749	8.69749
9.54548	9.54548
10.4762	10.4762
11.4976	11.4976
12.6186	12.6186
13.8489	13.8489
15.1991	15.1991
16.6810	16.6810
18.3074	18.3074
20.0923	20.0923
22.0513	22.0513
24.2013	24.2013
26.5609	26.5609
29.1505	29.1505
31.9927	31.9927
35.1119	35.1119
38.5353	38.5353
42.2924	42.2924
46.4159	46.4159
50.9414	50.9414
55.9081	55.9081
61.3591	61.3591
67.3415	67.3415
73.9072	73.9072
81.1131	81.1131
89.0215	89.0215
97.7010	97.7010
107.227	107.227
117.681	117.681
129.155	129.155
141.747	141.747
155.568	155.568
170.735	170.735
187.382	187.382
205.651	205.651
225.702	225.702
247.708	247.708
271.859	271.859
298.365	298.365
327.455	327.455
359.381	359.381
394.421	394.421
432.876	432.876
475.081	475.081
521.401	521.401
572.237	572.237
628.029	628.029
689.261	689.261
756.464	756.464
830.217	830.217
911.163	911.163
1000.00	1000.00


E/N (Td)      	Grid type
0.100000	0.00000
0.109750	3.00000
0.120450	3.00000
0.132194	3.00000
0.145083	3.00000
0.159228	3.00000
0.174753	3.00000
0.191791	3.00000
0.210490	3.00000
0.231013	3.00000
0.253536	3.00000
0.278256	3.00000
0.305386	3.00000
0.335160	3.00000
0.367838	3.00000
0.403702	3.00000
0.443062	3.00000
0.486260	3.00000
0.533670	3.00000
0.585702	3.00000
0.642807	3.00000
0.705480	3.00000
0.774264	3.00000
0.849753	3.00000
0.932603	3.00000
1.02353	3.00000
1.12332	3.00000
1.23285	3.00000
1.35305	3.00000
1.48497	3.00000
1.62975	3.00000
1.78865	3.00000
1.96304	3.00000
2.15443	3.00000
2.36449	3.00000
2.59502	3.00000
2.84804	3.00000
3.12572	3.00000
3.43047	3.00000
3.76494	3.00000
4.13201	3.00000
4.53488	3.00000
4.97702	3.00000
5.46228	3.00000
5.99484	3.00000
6.57933	3.00000
7.22081	3.00000
7.92483	3.00000
8.69749	3.00000
9.54548	3.00000
10.4762	3.00000
11.4976	3.00000
12.6186	3.00000
13.8489	3.00000
15.1991	3.00000
16.6810	3.00000
18.3074	3.00000
20.0923	3.00000
22.0513	3.00000
24.2013	3.00000
26.5609	3.00000
29.1505	3.00000
31.9927	3.00000
35.1119	3.00000
38.5353	3.00000
42.2924	3.00000
46.4159	3.00000
50.9414	3.00000
55.9081	3.00000
61.3591	3.00000
67.3415	3.00000
73.9072	3.00000
81.1131	3.00000
89.0215	3.00000
97.7010	3.00000
107.227	3.00000
117.681	3.00000
129.155	3.00000
141.747	3.00000
155.568	3.00000
170.735	3.00000
187.382	3.00000
205.651	3.00000
225.702	3.00000
247.708	3.00000
271.859	3.00000
298.365	3.00000
327.455	3.00000
359.381	3.00000
394.421	3.00000
432.876	3.00000
475.081	3.00000
521.401	3.00000
572.237	3.00000
628.029	3.00000
689.261	3.00000
756.464	3.00000
830.217	3.00000
911.163	3.00000
1000.00	3.00000


E/N (Td)      	Maximum energy
0.100000	200.000
0.109750	4.93446
0.120450	4.93446
0.132194	4.93446
0.145083	4.93446
0.159228	4.93446
0.174753	4.93446
0.191791	4.93446
0.210490	4.93446
0.231013	4.93446
0.253536	4.93446
0.278256	4.93446
0.305386	4.93446
0.335160	4.93446
0.367838	4.93446
0.403702	4.93446
0.443062	4.93446
0.486260	4.93446
0.533670	4.93446
0.585702	4.93446
0.642807	4.93446
0.705480	4.93446
0.774264	4.93446
0.849753	4.93446
0.932603	4.93446
1.02353	4.93446
1.12332	4.93446
1.23285	4.93446
1.35305	4.93446
1.48497	4.93446
1.62975	4.93446
1.78865	4.93446
1.96304	4.93446
2.15443	4.93446
2.36449	4.93446
2.59502	4.93446
2.84804	5.83291
3.12572	5.83291
3.43047	5.83291
3.76494	5.83291
4.13201	5.83291
4.53488	5.83291
4.97702	5.83291
5.46228	6.89495
5.99484	6.89495
6.57933	6.89495
7.22081	8.15037
7.92483	8.15037
8.69749	8.54142
9.54548	10.0966
10.4762	10.0966
11.4976	10.0966
12.6186	10.0966
13.8489	11.9350
15.1991	11.9350
16.6810	11.9350
18.3074	14.1080
20.0923	14.1080
22.0513	14.1080
24.2013	14.1080
26.5609	16.6768
29.1505	16.6768
31.9927	16.6768
35.1119	19.7132
38.5353	19.7132
42.2924	19.7132
46.4159	23.3025
50.9414	23.3025
55.9081	27.5453
61.3591	27.5453
67.3415	27.5453
73.9072	32.5606
81.1131	32.5606
89.0215	38.4891
97.7010	38.4891
107.227	38.4891
117.681	45.4971
129.155	45.4971
141.747	53.7809
155.568	53.7809
170.735	63.5731
187.382	63.5731
205.651	63.5731
225.702	75.1482
247.708	75.1482
271.859	88.8308
298.365	88.8308
327.455	105.005
359.381	124.123
394.421	124.123
432.876	146.723
475.081	146.723
521.401	173.438
572.237	205.017
628.029	205.017
689.261	242.345
756.464	286.470
830.217	286.470
911.163	338.629
1000.00	400.285


E/N (Td)	Mean energy (eV)
0.100000	0.258528
0.109750	0.258531
0.120450	0.258534
0.132194	0.258537
0.145083	0.258541
0.159228	0.258547
0.174753	0.258553
0.191791	0.258560
0.210490	0.258569
0.231013	0.258580
0.253536	0.258593
0.278256	0.258609
0.305386	0.258628
0.335160	0.258651
0.367838	0.258678
0.403702	0.258711
0.443062	0.258751
0.486260	0.258799
0.533670	0.258857
0.585702	0.258927
0.642807	0.259011
0.705480	0.259112
0.774264	0.259235
0.849753	0.259382
0.932603	0.259559
1.02353	0.259773
1.12332	0.260031
1.23285	0.260342
1.35305	0.260717
1.48497	0.261171
1.62975	0.261718
1.78865	0.262378
1.96304	0.263177
2.15443	0.264143
2.36449	0.265312
2.59502	0.266728
2.84804	0.268446
3.12572	0.270533
3.43047	0.273072
3.76494	0.276165
4.13201	0.279939
4.53488	0.284551
4.97702	0.290201
5.46228	0.297122
5.99484	0.305612
6.57933	0.316022
7.22081	0.328774
7.92483	0.344376
8.69749	0.363304
9.54548	0.386170
10.4762	0.413497
11.4976	0.445755
12.6186	0.483229
13.8489	0.526127
15.1991	0.574352
16.6810	0.627777
18.3074	0.686363
20.0923	0.750672
22.0513	0.822244
24.2013	0.904178
26.5609	1.00093
29.1505	1.11847
31.9927	1.26264
35.1119	1.43690
38.5353	1.64111
42.2924	1.87037
46.4159	2.11661
50.9414	2.37046
55.9081	2.62316
61.3591	2.86894
67.3415	3.10435
73.9072	3.32872
81.1131	3.54261
89.0215	3.74756
97.7010	3.94585
107.227	4.14027
117.681	4.33260
129.155	4.52562
141.747	4.72237
155.568	4.92519
170.735	5.13688
187.382	5.36029
205.651	5.59852
225.702	5.85479
247.708	6.13268
271.859	6.43590
298.365	6.76839
327.455	7.13418
359.381	7.53727
394.421	7.98168
432.876	8.47215
475.081	9.01288
521.401	9.60751
572.237	10.2611
628.029	10.9782
689.261	11.7644
756.464	12.6258
830.217	13.5690
911.163	14.6021
1000.00	15.7337


E/N (Td)	Mobility *N (1/m/V/s)
0.100000	0.799114E+24
0.109750	0.799116E+24
0.120450	0.799118E+24
0.132194	0.799120E+24
0.145083	0.799122E+24
0.159228	0.799125E+24
0.174753	0.799129E+24
0.191791	0.799133E+24
0.210490	0.799139E+24
0.231013	0.799145E+24
0.253536	0.799153E+24
0.278256	0.799162E+24
0.305386	0.799174E+24
0.335160	0.799187E+24
0.367838	0.799204E+24
0.403702	0.799223E+24
0.443062	0.799247E+24
0.486260	0.799276E+24
0.533670	0.799310E+24
0.585702	0.799351E+24
0.642807	0.799401E+24
0.705480	0.799461E+24
0.774264	0.799533E+24
0.849753	0.799620E+24
0.932603	0.799725E+24
1.02353	0.799851E+24
1.12332	0.800002E+24
1.23285	0.800184E+24
1.35305	0.800402E+24
1.48497	0.800665E+24
1.62975	0.800980E+24
1.78865	0.801358E+24
1.96304	0.801811E+24
2.15443	0.802355E+24
2.36449	0.803005E+24
2.59502	0.803743E+24
2.84804	0.804672E+24
3.12572	0.805779E+24
3.43047	0.807098E+24
3.76494	0.808664E+24
4.13201	0.810518E+24
4.53488	0.812708E+24
4.97702	0.815391E+24
5.46228	0.818405E+24
5.99484	0.821910E+24
6.57933	0.825998E+24
7.22081	0.830611E+24
7.92483	0.835944E+24
8.69749	0.841509E+24
9.54548	0.847751E+24
10.4762	0.854329E+24
11.4976	0.861016E+24
12.6186	0.867438E+24
13.8489	0.873378E+24
15.1991	0.878376E+24
16.6810	0.882031E+24
18.3074	0.884152E+24
20.0923	0.884592E+24
22.0513	0.883395E+24
24.2013	0.880924E+24
26.5609	0.877147E+24
29.1505	0.872586E+24
31.9927	0.867539E+24
35.1119	0.862302E+24
38.5353	0.856958E+24
42.2924	0.851467E+24
46.4159	0.845890E+24
50.9414	0.840114E+24
55.9081	0.834043E+24
61.3591	0.827649E+24
67.3415	0.820875E+24
73.9072	0.813779E+24
81.1131	0.806383E+24
89.0215	0.798561E+24
97.7010	0.790372E+24
107.227	0.781794E+24
117.681	0.772863E+24
129.155	0.763568E+24
141.747	0.753908E+24
155.568	0.743834E+24
170.735	0.733490E+24
187.382	0.722833E+24
205.651	0.711879E+24
225.702	0.700688E+24
247.708	0.689332E+24
271.859	0.677749E+24
298.365	0.666026E+24
327.455	0.654138E+24
359.381	0.642231E+24
394.421	0.630257E+24
432.876	0.618273E+24
475.081	0.606317E+24
521.401	0.594301E+24
572.237	0.582352E+24
628.029	0.570436E+24
689.261	0.558576E+24
756.464	0.546848E+24
830.217	0.535230E+24
911.163	0.523756E+24
1000.00	0.512399E+24


E/N (Td)	Diffusion coefficient *N (1/m/s)
0.100000	0.137771E+24
0.109750	0.137773E+24
0.120450	0.137775E+24
0.132194	0.137778E+24
0.145083	0.137780E+24
0.159228	0.137784E+24
0.174753	0.137788E+24
0.191791	0.137793E+24
0.210490	0.137800E+24
0.231013	0.137807E+24
0.253536	0.137816E+24
0.278256	0.137827E+24
0.305386	0.137840E+24
0.335160	0.137856E+24
0.367838	0.137875E+24
0.403702	0.137898E+24
0.443062	0.137926E+24
0.486260	0.137959E+24
0.533670	0.137999E+24
0.585702	0.138047E+24
0.642807	0.138105E+24
0.705480	0.138175E+24
0.774264	0.138260E+24
0.849753	0.138362E+24
0.932603	0.138484E+24
1.02353	0.138633E+24
1.12332	0.138811E+24
1.23285	0.139026E+24
1.35305	0.139286E+24
1.48497	0.139600E+24
1.62975	0.139979E+24
1.78865	0.140437E+24
1.96304	0.140990E+24
2.15443	0.141660E+24
2.36449	0.142471E+24
2.59502	0.143454E+24
2.84804	0.144647E+24
3.12572	0.146097E+24
3.43047	0.147862E+24
3.76494	0.150013E+24
4.13201	0.152639E+24
4.53488	0.155850E+24
4.97702	0.159815E+24
5.46228	0.164639E+24
5.99484	0.170554E+24
6.57933	0.177826E+24
7.22081	0.186706E+24
7.92483	0.197617E+24
8.69749	0.210706E+24
9.54548	0.226545E+24
10.4762	0.245407E+24
11.4976	0.267566E+24
12.6186	0.293135E+24
13.8489	0.322169E+24
15.1991	0.354454E+24
16.6810	0.389717E+24
18.3074	0.427695E+24
20.0923	0.468468E+24
22.0513	0.512677E+24
24.2013	0.561973E+24
26.5609	0.618557E+24
29.1505	0.685774E+24
31.9927	0.766829E+24
35.1119	0.863686E+24
38.5353	0.976177E+24
42.2924	0.110145E+25
46.4159	0.123500E+25
50.9414	0.137153E+25
55.9081	0.150600E+25
61.3591	0.163513E+25
67.3415	0.175692E+25
73.9072	0.187087E+25
81.1131	0.197724E+25
89.0215	0.207658E+25
97.7010	0.217000E+25
107.227	0.225873E+25
117.681	0.234354E+25
129.155	0.242561E+25
141.747	0.250607E+25
155.568	0.258559E+25
170.735	0.266549E+25
187.382	0.274652E+25
205.651	0.282966E+25
225.702	0.291584E+25
247.708	0.300632E+25
271.859	0.310186E+25
298.365	0.320377E+25
327.455	0.331319E+25
359.381	0.343101E+25
394.421	0.355810E+25
432.876	0.369611E+25
475.081	0.384595E+25
521.401	0.400741E+25
572.237	0.418213E+25
628.029	0.437033E+25
689.261	0.457323E+25
756.464	0.479170E+25
830.217	0.502676E+25
911.163	0.527948E+25
1000.00	0.555133E+25


E/N (Td)	Energy mobility *N (1/m/V/s)
0.100000	0.146781E+25
0.109750	0.146781E+25
0.120450	0.146781E+25
0.132194	0.146782E+25
0.145083	0.146782E+25
0.159228	0.146783E+25
0.174753	0.146784E+25
0.191791	0.146784E+25
0.210490	0.146786E+25
0.231013	0.146787E+25
0.253536	0.146788E+25
0.278256	0.146790E+25
0.305386	0.146793E+25
0.335160	0.146795E+25
0.367838	0.146799E+25
0.403702	0.146803E+25
0.443062	0.146808E+25
0.486260	0.146813E+25
0.533670	0.146821E+25
0.585702	0.146829E+25
0.642807	0.146839E+25
0.705480	0.146851E+25
0.774264	0.146866E+25
0.849753	0.146884E+25
0.932603	0.146905E+25
1.02353	0.146931E+25
1.12332	0.146962E+25
1.23285	0.146999E+25
1.35305	0.147043E+25
1.48497	0.147096E+25
1.62975	0.147160E+25
1.78865	0.147237E+25
1.96304	0.147328E+25
2.15443	0.147438E+25
2.36449	0.147568E+25
2.59502	0.147718E+25
2.84804	0.147902E+25
3.12572	0.148119E+25
3.43047	0.148374E+25
3.76494	0.148673E+25
4.13201	0.149019E+25
4.53488	0.149417E+25
4.97702	0.149891E+25
5.46228	0.150396E+25
5.99484	0.150948E+25
6.57933	0.151548E+25
7.22081	0.152155E+25
7.92483	0.152793E+25
8.69749	0.153296E+25
9.54548	0.153744E+25
10.4762	0.154043E+25
11.4976	0.154140E+25
12.6186	0.153989E+25
13.8489	0.153579E+25
15.1991	0.152900E+25
16.6810	0.151954E+25
18.3074	0.150815E+25
20.0923	0.149521E+25
22.0513	0.148130E+25
24.2013	0.146720E+25
26.5609	0.145281E+25
29.1505	0.143860E+25
31.9927	0.142463E+25
35.1119	0.141073E+25
38.5353	0.139678E+25
42.2924	0.138264E+25
46.4159	0.136841E+25
50.9414	0.135403E+25
55.9081	0.133946E+25
61.3591	0.132470E+25
67.3415	0.130966E+25
73.9072	0.129438E+25
81.1131	0.127885E+25
89.0215	0.126283E+25
97.7010	0.124636E+25
107.227	0.122939E+25
117.681	0.121196E+25
129.155	0.119406E+25
141.747	0.117567E+25
155.568	0.115677E+25
170.735	0.113759E+25
187.382	0.111811E+25
205.651	0.109840E+25
225.702	0.107863E+25
247.708	0.105897E+25
271.859	0.103934E+25
298.365	0.101992E+25
327.455	0.100069E+25
359.381	0.981890E+24
394.421	0.963437E+24
432.876	0.945326E+24
475.081	0.927592E+24
521.401	0.910068E+24
572.237	0.892833E+24
628.029	0.875849E+24
689.261	0.859101E+24
756.464	0.842648E+24
830.217	0.826487E+24
911.163	0.810701E+24
1000.00	0.795233E+24


E/N (Td)	Energy diffusion coef. *N (1/m/s)
0.100000	0.253005E+24
0.109750	0.253009E+24
0.120450	0.253015E+24
0.132194	0.253021E+24
0.145083	0.253028E+24
0.159228	0.253037E+24
0.174753	0.253048E+24
0.191791	0.253061E+24
0.210490	0.253077E+24
0.231013	0.253096E+24
0.253536	0.253119E+24
0.278256	0.253147E+24
0.305386	0.253180E+24
0.335160	0.253220E+24
0.367838	0.253268E+24
0.403702	0.253327E+24
0.443062	0.253397E+24
0.486260	0.253481E+24
0.533670	0.253583E+24
0.585702	0.253706E+24
0.642807	0.253854E+24
0.705480	0.254032E+24
0.774264	0.254247E+24
0.849753	0.254506E+24
0.932603	0.254818E+24
1.02353	0.255195E+24
1.12332	0.255650E+24
1.23285	0.256199E+24
1.35305	0.256862E+24
1.48497	0.257662E+24
1.62975	0.258629E+24
1.78865	0.259799E+24
1.96304	0.261214E+24
2.15443	0.262928E+24
2.36449	0.265004E+24
2.59502	0.267513E+24
2.84804	0.270569E+24
3.12572	0.274278E+24
3.43047	0.278785E+24
3.76494	0.284261E+24
4.13201	0.290911E+24
4.53488	0.298979E+24
4.97702	0.308801E+24
5.46228	0.320580E+24
5.99484	0.334706E+24
6.57933	0.351535E+24
7.22081	0.371334E+24
7.92483	0.394552E+24
8.69749	0.420690E+24
9.54548	0.450205E+24
10.4762	0.482593E+24
11.4976	0.517352E+24
12.6186	0.553806E+24
13.8489	0.591518E+24
15.1991	0.630165E+24
16.6810	0.670085E+24
18.3074	0.712852E+24
20.0923	0.761561E+24
22.0513	0.821446E+24
24.2013	0.899982E+24
26.5609	0.100477E+25
29.1505	0.114172E+25
31.9927	0.131075E+25
35.1119	0.150362E+25
38.5353	0.170726E+25
42.2924	0.190779E+25
46.4159	0.209539E+25
50.9414	0.226496E+25
55.9081	0.241531E+25
61.3591	0.254811E+25
67.3415	0.266591E+25
73.9072	0.277184E+25
81.1131	0.286866E+25
89.0215	0.295834E+25
97.7010	0.304306E+25
107.227	0.312444E+25
117.681	0.320405E+25
129.155	0.328319E+25
141.747	0.336313E+25
155.568	0.344488E+25
170.735	0.353035E+25
187.382	0.362074E+25
205.651	0.371756E+25
225.702	0.382284E+25
247.708	0.393872E+25
271.859	0.406653E+25
298.365	0.420859E+25
327.455	0.436646E+25
359.381	0.454261E+25
394.421	0.473813E+25
432.876	0.495429E+25
475.081	0.519244E+25
521.401	0.545221E+25
572.237	0.573531E+25
628.029	0.604240E+25
689.261	0.637461E+25
756.464	0.673424E+25
830.217	0.712366E+25
911.163	0.754676E+25
1000.00	0.800693E+25


E/N (Td)	Total collision freq. /N (m3/s)
0.100000	0.288357E-12
0.109750	0.288357E-12
0.120450	0.288356E-12
0.132194	0.288355E-12
0.145083	0.288354E-12
0.159228	0.288353E-12
0.174753	0.288351E-12
0.191791	0.288349E-12
0.210490	0.288347E-12
0.231013	0.288344E-12
0.253536	0.288341E-12
0.278256	0.288337E-12
0.305386	0.288332E-12
0.335160	0.288326E-12
0.367838	0.288319E-12
0.403702	0.288311E-12
0.443062	0.288300E-12
0.486260	0.288288E-12
0.533670	0.288273E-12
0.585702	0.288256E-12
0.642807	0.288234E-12
0.705480	0.288209E-12
0.774264	0.288178E-12
0.849753	0.288140E-12
0.932603	0.288095E-12
1.02353	0.288041E-12
1.12332	0.287976E-12
1.23285	0.287898E-12
1.35305	0.287804E-12
1.48497	0.287691E-12
1.62975	0.287555E-12
1.78865	0.287392E-12
1.96304	0.287196E-12
2.15443	0.286960E-12
2.36449	0.286677E-12
2.59502	0.286339E-12
2.84804	0.285933E-12
3.12572	0.285446E-12
3.43047	0.284863E-12
3.76494	0.284166E-12
4.13201	0.283333E-12
4.53488	0.282339E-12
4.97702	0.281156E-12
5.46228	0.279748E-12
5.99484	0.278077E-12
6.57933	0.276101E-12
7.22081	0.273779E-12
7.92483	0.271061E-12
8.69749	0.267917E-12
9.54548	0.264308E-12
10.4762	0.260224E-12
11.4976	0.255680E-12
12.6186	0.250731E-12
13.8489	0.245453E-12
15.1991	0.239979E-12
16.6810	0.234464E-12
18.3074	0.229082E-12
20.0923	0.223991E-12
22.0513	0.219332E-12
24.2013	0.215204E-12
26.5609	0.211684E-12
29.1505	0.208797E-12
31.9927	0.206542E-12
35.1119	0.204890E-12
38.5353	0.203784E-12
42.2924	0.203148E-12
46.4159	0.202895E-12
50.9414	0.202940E-12
55.9081	0.203210E-12
61.3591	0.203648E-12
67.3415	0.204215E-12
73.9072	0.204888E-12
81.1131	0.205653E-12
89.0215	0.206510E-12
97.7010	0.207460E-12
107.227	0.208513E-12
117.681	0.209675E-12
129.155	0.210960E-12
141.747	0.212384E-12
155.568	0.213962E-12
170.735	0.215710E-12
187.382	0.217644E-12
205.651	0.219781E-12
225.702	0.222135E-12
247.708	0.224719E-12
271.859	0.227543E-12
298.365	0.230613E-12
327.455	0.233931E-12
359.381	0.237496E-12
394.421	0.241302E-12
432.876	0.245341E-12
475.081	0.249602E-12
521.401	0.254066E-12
572.237	0.258721E-12
628.029	0.263547E-12
689.261	0.268529E-12
756.464	0.273652E-12
830.217	0.278897E-12
911.163	0.284243E-12
1000.00	0.289672E-12


E/N (Td)	Momentum frequency /N (m3/s)
0.100000	0.220096E-12
0.109750	0.220096E-12
0.120450	0.220095E-12
0.132194	0.220095E-12
0.145083	0.220094E-12
0.159228	0.220093E-12
0.174753	0.220092E-12
0.191791	0.220091E-12
0.210490	0.220089E-12
0.231013	0.220088E-12
0.253536	0.220085E-12
0.278256	0.220083E-12
0.305386	0.220080E-12
0.335160	0.220076E-12
0.367838	0.220072E-12
0.403702	0.220066E-12
0.443062	0.220060E-12
0.486260	0.220052E-12
0.533670	0.220042E-12
0.585702	0.220031E-12
0.642807	0.220017E-12
0.705480	0.220001E-12
0.774264	0.219981E-12
0.849753	0.219957E-12
0.932603	0.219928E-12
1.02353	0.219894E-12
1.12332	0.219852E-12
1.23285	0.219802E-12
1.35305	0.219742E-12
1.48497	0.219670E-12
1.62975	0.219584E-12
1.78865	0.219480E-12
1.96304	0.219356E-12
2.15443	0.219207E-12
2.36449	0.219030E-12
2.59502	0.218829E-12
2.84804	0.218576E-12
3.12572	0.218276E-12
3.43047	0.217919E-12
3.76494	0.217497E-12
4.13201	0.216999E-12
4.53488	0.216415E-12
4.97702	0.215703E-12
5.46228	0.214908E-12
5.99484	0.213992E-12
6.57933	0.212933E-12
7.22081	0.211750E-12
7.92483	0.210399E-12
8.69749	0.209008E-12
9.54548	0.207469E-12
10.4762	0.205872E-12
11.4976	0.204273E-12
12.6186	0.202760E-12
13.8489	0.201381E-12
15.1991	0.200236E-12
16.6810	0.199406E-12
18.3074	0.198927E-12
20.0923	0.198828E-12
22.0513	0.199098E-12
24.2013	0.199656E-12
26.5609	0.200516E-12
29.1505	0.201564E-12
31.9927	0.202737E-12
35.1119	0.203968E-12
38.5353	0.205240E-12
42.2924	0.206564E-12
46.4159	0.207925E-12
50.9414	0.209355E-12
55.9081	0.210879E-12
61.3591	0.212508E-12
67.3415	0.214262E-12
73.9072	0.216130E-12
81.1131	0.218112E-12
89.0215	0.220249E-12
97.7010	0.222531E-12
107.227	0.224972E-12
117.681	0.227572E-12
129.155	0.230342E-12
141.747	0.233294E-12
155.568	0.236453E-12
170.735	0.239788E-12
187.382	0.243323E-12
205.651	0.247067E-12
225.702	0.251013E-12
247.708	0.255149E-12
271.859	0.259509E-12
298.365	0.264077E-12
327.455	0.268876E-12
359.381	0.273861E-12
394.421	0.279064E-12
432.876	0.284473E-12
475.081	0.290083E-12
521.401	0.295947E-12
572.237	0.302020E-12
628.029	0.308329E-12
689.261	0.314876E-12
756.464	0.321629E-12
830.217	0.328610E-12
911.163	0.335809E-12
1000.00	0.343252E-12


E/N (Td)	Total ionization freq. /N (m3/s)
0.100000	0.00000
0.109750	0.00000
0.120450	0.00000
0.132194	0.00000
0.145083	0.00000
0.159228	0.00000
0.174753	0.00000
0.191791	0.00000
0.210490	0.00000
0.231013	0.00000
0.253536	0.00000
0.278256	0.00000
0.305386	0.00000
0.335160	0.00000
0.367838	0.00000
0.403702	0.00000
0.443062	0.00000
0.486260	0.00000
0.533670	0.00000
0.585702	0.00000
0.642807	0.00000
0.705480	0.00000
0.774264	0.00000
0.849753	0.00000
0.932603	0.00000
1.02353	0.00000
1.12332	0.00000
1.23285	0.00000
1.35305	0.00000
1.48497	0.00000
1.62975	0.00000
1.78865	0.00000
1.96304	0.00000
2.15443	0.00000
2.36449	0.00000
2.59502	0.00000
2.84804	0.00000
3.12572	0.00000
3.43047	0.00000
3.76494	0.00000
4.13201	0.00000
4.53488	0.00000
4.97702	0.00000
5.46228	0.00000
5.99484	0.00000
6.57933	0.00000
7.22081	0.00000
7.92483	0.00000
8.69749	0.00000
9.54548	0.00000
10.4762	0.00000
11.4976	0.00000
12.6186	0.00000
13.8489	0.00000
15.1991	0.00000
16.6810	0.800417E-29
18.3074	0.924618E-28
20.0923	0.917014E-27
22.0513	0.783173E-26
24.2013	0.608136E-25
26.5609	0.398144E-24
29.1505	0.227568E-23
31.9927	0.114106E-22
35.1119	0.500106E-22
38.5353	0.193281E-21
42.2924	0.664217E-21
46.4159	0.204686E-20
50.9414	0.573155E-20
55.9081	0.147205E-19
61.3591	0.351226E-19
67.3415	0.786730E-19
73.9072	0.166851E-18
81.1131	0.337880E-18
89.0215	0.656384E-18
97.7010	0.123030E-17
107.227	0.223441E-17
117.681	0.394198E-17
129.155	0.677615E-17
141.747	0.113693E-16
155.568	0.186539E-16
170.735	0.299673E-16
187.382	0.471920E-16
205.651	0.729163E-16
225.702	0.110607E-15
247.708	0.164839E-15
271.859	0.241375E-15
298.365	0.347474E-15
327.455	0.491795E-15
359.381	0.684756E-15
394.421	0.938140E-15
432.876	0.126535E-14
475.081	0.168125E-14
521.401	0.220123E-14
572.237	0.284264E-14
628.029	0.362318E-14
689.261	0.456149E-14
756.464	0.567725E-14
830.217	0.699000E-14
911.163	0.852043E-14
1000.00	0.102877E-13


E/N (Td)	Total attachment freq. /N (m3/s)
0.100000	0.247718E-21
0.109750	0.247719E-21
0.120450	0.247720E-21
0.132194	0.247722E-21
0.145083	0.247724E-21
0.159228	0.247726E-21
0.174753	0.247729E-21
0.191791	0.247732E-21
0.210490	0.247736E-21
0.231013	0.247740E-21
0.253536	0.247746E-21
0.278256	0.247753E-21
0.305386	0.247761E-21
0.335160	0.247771E-21
0.367838	0.247783E-21
0.403702	0.247797E-21
0.443062	0.247814E-21
0.486260	0.247835E-21
0.533670	0.247860E-21
0.585702	0.247890E-21
0.642807	0.247926E-21
0.705480	0.247969E-21
0.774264	0.248022E-21
0.849753	0.248085E-21
0.932603	0.248162E-21
1.02353	0.248253E-21
1.12332	0.248364E-21
1.23285	0.248497E-21
1.35305	0.248658E-21
1.48497	0.248852E-21
1.62975	0.249086E-21
1.78865	0.249367E-21
1.96304	0.249707E-21
2.15443	0.250117E-21
2.36449	0.250612E-21
2.59502	0.251209E-21
2.84804	0.251931E-21
3.12572	0.252804E-21
3.43047	0.253861E-21
3.76494	0.255141E-21
4.13201	0.256693E-21
4.53488	0.258577E-21
4.97702	0.260867E-21
5.46228	0.263654E-21
5.99484	0.267049E-21
6.57933	0.271197E-21
7.22081	0.276295E-21
7.92483	0.282672E-21
8.69749	0.290937E-21
9.54548	0.302782E-21
10.4762	0.323128E-21
11.4976	0.367375E-21
12.6186	0.483541E-21
13.8489	0.815985E-21
15.1991	0.177753E-20
16.6810	0.447632E-20
18.3074	0.116431E-19
20.0923	0.294683E-19
22.0513	0.706100E-19
24.2013	0.158264E-18
26.5609	0.329407E-18
29.1505	0.635256E-18
31.9927	0.113475E-17
35.1119	0.187749E-17
38.5353	0.288887E-17
42.2924	0.415543E-17
46.4159	0.562810E-17
50.9414	0.723561E-17
55.9081	0.889912E-17
61.3591	0.105546E-16
67.3415	0.121533E-16
73.9072	0.136668E-16
81.1131	0.150791E-16
89.0215	0.163821E-16
97.7010	0.175759E-16
107.227	0.186646E-16
117.681	0.196460E-16
129.155	0.205242E-16
141.747	0.213027E-16
155.568	0.219811E-16
170.735	0.225585E-16
187.382	0.230342E-16
205.651	0.234077E-16
225.702	0.236772E-16
247.708	0.238418E-16
271.859	0.239035E-16
298.365	0.238633E-16
327.455	0.237248E-16
359.381	0.234871E-16
394.421	0.231559E-16
432.876	0.227388E-16
475.081	0.222407E-16
521.401	0.216687E-16
572.237	0.210298E-16
628.029	0.203328E-16
689.261	0.195891E-16
756.464	0.188048E-16
830.217	0.179911E-16
911.163	0.171583E-16
1000.00	0.163162E-16


E/N (Td)	Townsend ioniz. coef. alpha/N (m2)
0.100000	0.00000
0.109750	0.00000
0.120450	0.00000
0.132194	0.00000
0.145083	0.00000
0.159228	0.00000
0.174753	0.00000
0.191791	0.00000
0.210490	0.00000
0.231013	0.00000
0.253536	0.00000
0.278256	0.00000
0.305386	0.00000
0.335160	0.00000
0.367838	0.00000
0.403702	0.00000
0.443062	0.00000
0.486260	0.00000
0.533670	0.00000
0.585702	0.00000
0.642807	0.00000
0.705480	0.00000
0.774264	0.00000
0.849753	0.00000
0.932603	0.00000
1.02353	0.00000
1.12332	0.00000
1.23285	0.00000
1.35305	0.00000
1.48497	0.00000
1.62975	0.00000
1.78865	0.00000
1.96304	0.00000
2.15443	0.00000
2.36449	0.00000
2.59502	0.00000
2.84804	0.00000
3.12572	0.00000
3.43047	0.00000
3.76494	0.00000
4.13201	0.00000
4.53488	0.00000
4.97702	0.00000
5.46228	0.00000
5.99484	0.00000
6.57933	0.00000
7.22081	0.00000
7.92483	0.00000
8.69749	0.00000
9.54548	0.00000
10.4762	0.00000
11.4976	0.00000
12.6186	0.00000
13.8489	0.00000
15.1991	0.00000
16.6810	0.544014E-33
18.3074	0.571228E-32
20.0923	0.515945E-31
22.0513	0.402039E-30
24.2013	0.285249E-29
26.5609	0.170893E-28
29.1505	0.894658E-28
31.9927	0.411120E-27
35.1119	0.165176E-26
38.5353	0.585290E-26
42.2924	0.184450E-25
46.4159	0.521323E-25
50.9414	0.133925E-24
55.9081	0.315690E-24
61.3591	0.691611E-24
67.3415	0.142320E-23
73.9072	0.277418E-23
81.1131	0.516571E-23
89.0215	0.923325E-23
97.7010	0.159324E-22
107.227	0.266544E-22
117.681	0.433416E-22
129.155	0.687107E-22
141.747	0.106390E-21
155.568	0.161203E-21
170.735	0.239293E-21
187.382	0.348420E-21
205.651	0.498066E-21
225.702	0.699396E-21
247.708	0.965367E-21
271.859	0.131003E-20
298.365	0.174857E-20
327.455	0.229596E-20
359.381	0.296681E-20
394.421	0.377390E-20
432.876	0.472790E-20
475.081	0.583666E-20
521.401	0.710373E-20
572.237	0.853022E-20
628.029	0.101135E-19
689.261	0.118479E-19
756.464	0.137241E-19
830.217	0.157306E-19
911.163	0.178540E-19
1000.00	0.200775E-19


E/N (Td)	Townsend attach. coef. eta/N (m2)
0.100000	0.309991E-23
0.109750	0.282453E-23
0.120450	0.257361E-23
0.132194	0.234499E-23
0.145083	0.213667E-23
0.159228	0.194687E-23
0.174753	0.177392E-23
0.191791	0.161635E-23
0.210490	0.147277E-23
0.231013	0.134194E-23
0.253536	0.122275E-23
0.278256	0.111414E-23
0.305386	0.101518E-23
0.335160	0.925015E-24
0.367838	0.842863E-24
0.403702	0.768010E-24
0.443062	0.699810E-24
0.486260	0.637671E-24
0.533670	0.581056E-24
0.585702	0.529473E-24
0.642807	0.482477E-24
0.705480	0.439659E-24
0.774264	0.400650E-24
0.849753	0.365110E-24
0.932603	0.332734E-24
1.02353	0.303239E-24
1.12332	0.276371E-24
1.23285	0.251897E-24
1.35305	0.229605E-24
1.48497	0.209302E-24
1.62975	0.190812E-24
1.78865	0.173975E-24
1.96304	0.158646E-24
2.15443	0.144692E-24
2.36449	0.131991E-24
2.59502	0.120442E-24
2.84804	0.109930E-24
3.12572	0.100373E-24
3.43047	0.916887E-25
3.76494	0.838019E-25
4.13201	0.766459E-25
4.53488	0.701599E-25
4.97702	0.642812E-25
5.46228	0.589782E-25
5.99484	0.541987E-25
6.57933	0.499027E-25
7.22081	0.460669E-25
7.92483	0.426694E-25
8.69749	0.397508E-25
9.54548	0.374166E-25
10.4762	0.361033E-25
11.4976	0.371101E-25
12.6186	0.441759E-25
13.8489	0.674630E-25
15.1991	0.133143E-24
16.6810	0.304239E-24
18.3074	0.719308E-24
20.0923	0.165799E-23
22.0513	0.362474E-23
24.2013	0.742344E-23
26.5609	0.141390E-22
29.1505	0.249743E-22
31.9927	0.408847E-22
35.1119	0.620102E-22
38.5353	0.874802E-22
42.2924	0.115395E-21
46.4159	0.143345E-21
50.9414	0.169070E-21
55.9081	0.190846E-21
61.3591	0.207833E-21
67.3415	0.219854E-21
73.9072	0.227234E-21
81.1131	0.230538E-21
89.0215	0.230445E-21
97.7010	0.227608E-21
107.227	0.222650E-21
117.681	0.216005E-21
129.155	0.208117E-21
141.747	0.199344E-21
155.568	0.189956E-21
170.735	0.180133E-21
187.382	0.170062E-21
205.651	0.159890E-21
225.702	0.149717E-21
247.708	0.139627E-21
271.859	0.129733E-21
298.365	0.120086E-21
327.455	0.110760E-21
359.381	0.101761E-21
394.421	0.931505E-22
432.876	0.849619E-22
475.081	0.772113E-22
521.401	0.699284E-22
572.237	0.631063E-22
628.029	0.567558E-22
689.261	0.508800E-22
756.464	0.454585E-22
830.217	0.404878E-22
911.163	0.359541E-22
1000.00	0.318427E-22


E/N (Td)	Power /N (eV m3/s)
0.100000	0.799114E-20
0.109750	0.962538E-20
0.120450	0.115938E-19
0.132194	0.139648E-19
0.145083	0.168208E-19
0.159228	0.202607E-19
0.174753	0.244042E-19
0.191791	0.293952E-19
0.210490	0.354068E-19
0.231013	0.426480E-19
0.253536	0.513701E-19
0.278256	0.618762E-19
0.305386	0.745312E-19
0.335160	0.897746E-19
0.367838	0.108136E-18
0.403702	0.130254E-18
0.443062	0.156895E-18
0.486260	0.188988E-18
0.533670	0.227646E-18
0.585702	0.274215E-18
0.642807	0.330314E-18
0.705480	0.397894E-18
0.774264	0.479308E-18
0.849753	0.577391E-18
0.932603	0.695560E-18
1.02353	0.837936E-18
1.12332	0.100949E-17
1.23285	0.121621E-17
1.35305	0.146533E-17
1.48497	0.176557E-17
1.62975	0.212747E-17
1.78865	0.256376E-17
1.96304	0.308980E-17
2.15443	0.372420E-17
2.36449	0.448945E-17
2.59502	0.541253E-17
2.84804	0.652694E-17
3.12572	0.787254E-17
3.43047	0.949802E-17
3.76494	0.114626E-16
4.13201	0.138384E-16
4.53488	0.167135E-16
4.97702	0.201979E-16
5.46228	0.244183E-16
5.99484	0.295379E-16
6.57933	0.357555E-16
7.22081	0.433081E-16
7.92483	0.524997E-16
8.69749	0.636571E-16
9.54548	0.772439E-16
10.4762	0.937624E-16
11.4976	0.113821E-15
12.6186	0.138121E-15
13.8489	0.167506E-15
15.1991	0.202916E-15
16.6810	0.245431E-15
18.3074	0.296333E-15
20.0923	0.357111E-15
22.0513	0.429560E-15
24.2013	0.515959E-15
26.5609	0.618810E-15
29.1505	0.741483E-15
31.9927	0.887953E-15
35.1119	0.106309E-14
38.5353	0.127255E-14
42.2924	0.152298E-14
46.4159	0.182241E-14
50.9414	0.218012E-14
55.9081	0.260698E-14
61.3591	0.311605E-14
67.3415	0.372257E-14
73.9072	0.444509E-14
81.1131	0.530546E-14
89.0215	0.632846E-14
97.7010	0.754448E-14
107.227	0.898873E-14
117.681	0.107033E-13
129.155	0.127371E-13
141.747	0.151478E-13
155.568	0.180017E-13
170.735	0.213816E-13
187.382	0.253801E-13
205.651	0.301071E-13
225.702	0.356940E-13
247.708	0.422968E-13
271.859	0.500905E-13
298.365	0.592906E-13
327.455	0.701410E-13
359.381	0.829473E-13
394.421	0.980476E-13
432.876	0.115853E-12
475.081	0.136847E-12
521.401	0.161566E-12
572.237	0.190694E-12
628.029	0.224992E-12
689.261	0.265369E-12
756.464	0.312927E-12
830.217	0.368913E-12
911.163	0.434832E-12
1000.00	0.512399E-12


E/N (Td)	Elastic power loss /N (eV m3/s)
0.100000	0.743568E-22
0.109750	0.102755E-21
0.120450	0.136962E-21
0.132194	0.178164E-21
0.145083	0.227791E-21
0.159228	0.287569E-21
0.174753	0.359571E-21
0.191791	0.446299E-21
0.210490	0.550764E-21
0.231013	0.676593E-21
0.253536	0.828157E-21
0.278256	0.101072E-20
0.305386	0.123062E-20
0.335160	0.149550E-20
0.367838	0.181455E-20
0.403702	0.219887E-20
0.443062	0.266179E-20
0.486260	0.321941E-20
0.533670	0.389111E-20
0.585702	0.470022E-20
0.642807	0.567488E-20
0.705480	0.684898E-20
0.774264	0.826345E-20
0.849753	0.996732E-20
0.932603	0.120200E-19
1.02353	0.144930E-19
1.12332	0.174725E-19
1.23285	0.210626E-19
1.35305	0.253886E-19
1.48497	0.306021E-19
1.62975	0.368859E-19
1.78865	0.444610E-19
1.96304	0.535948E-19
2.15443	0.646114E-19
2.36449	0.779035E-19
2.59502	0.939520E-19
2.84804	0.113328E-18
3.12572	0.136744E-18
3.43047	0.165061E-18
3.76494	0.199332E-18
4.13201	0.240844E-18
4.53488	0.291165E-18
4.97702	0.352249E-18
5.46228	0.426353E-18
5.99484	0.516276E-18
6.57933	0.625375E-18
7.22081	0.757363E-18
7.92483	0.917357E-18
8.69749	0.110813E-17
9.54548	0.133628E-17
10.4762	0.160578E-17
11.4976	0.192042E-17
12.6186	0.228231E-17
13.8489	0.269297E-17
15.1991	0.315147E-17
16.6810	0.365698E-17
18.3074	0.421016E-17
20.0923	0.481779E-17
22.0513	0.549638E-17
24.2013	0.627751E-17
26.5609	0.720586E-17
29.1505	0.834051E-17
31.9927	0.974015E-17
35.1119	0.114402E-16
38.5353	0.134426E-16
42.2924	0.157038E-16
46.4159	0.181491E-16
50.9414	0.206918E-16
55.9081	0.232497E-16
61.3591	0.257696E-16
67.3415	0.282215E-16
73.9072	0.306011E-16
81.1131	0.329180E-16
89.0215	0.351911E-16
97.7010	0.374481E-16
107.227	0.397235E-16
117.681	0.420413E-16
129.155	0.444390E-16
141.747	0.469566E-16
155.568	0.496305E-16
170.735	0.525016E-16
187.382	0.556146E-16
205.651	0.590187E-16
225.702	0.627643E-16
247.708	0.669100E-16
271.859	0.715125E-16
298.365	0.766380E-16
327.455	0.823503E-16
359.381	0.887167E-16
394.421	0.958089E-16
432.876	0.103704E-15
475.081	0.112486E-15
521.401	0.122224E-15
572.237	0.133016E-15
628.029	0.144960E-15
689.261	0.158166E-15
756.464	0.172758E-15
830.217	0.188878E-15
911.163	0.206678E-15
1000.00	0.226327E-15


E/N (Td)	Inelastic power loss /N (eV m3/s)
0.100000	0.795410E-20
0.109750	0.955876E-20
0.120450	0.114916E-19
0.132194	0.138197E-19
0.145083	0.166239E-19
0.159228	0.200017E-19
0.174753	0.240702E-19
0.191791	0.289709E-19
0.210490	0.348738E-19
0.231013	0.419840E-19
0.253536	0.505485E-19
0.278256	0.608647E-19
0.305386	0.732910E-19
0.335160	0.882591E-19
0.367838	0.106289E-18
0.403702	0.128007E-18
0.443062	0.154169E-18
0.486260	0.185683E-18
0.533670	0.223646E-18
0.585702	0.269377E-18
0.642807	0.324467E-18
0.705480	0.390835E-18
0.774264	0.470790E-18
0.849753	0.567118E-18
0.932603	0.683177E-18
1.02353	0.823015E-18
1.12332	0.991515E-18
1.23285	0.119456E-17
1.35305	0.143927E-17
1.48497	0.173420E-17
1.62975	0.208972E-17
1.78865	0.251832E-17
1.96304	0.303511E-17
2.15443	0.365837E-17
2.36449	0.441019E-17
2.59502	0.531745E-17
2.84804	0.641226E-17
3.12572	0.773420E-17
3.43047	0.933108E-17
3.76494	0.112611E-16
4.13201	0.135950E-16
4.53488	0.164193E-16
4.97702	0.198444E-16
5.46228	0.239909E-16
5.99484	0.290208E-16
6.57933	0.351263E-16
7.22081	0.425461E-16
7.92483	0.515846E-16
8.69749	0.625505E-16
9.54548	0.759087E-16
10.4762	0.921543E-16
11.4976	0.111894E-15
12.6186	0.135815E-15
13.8489	0.164785E-15
15.1991	0.199736E-15
16.6810	0.241743E-15
18.3074	0.292097E-15
20.0923	0.352285E-15
22.0513	0.424095E-15
24.2013	0.509772E-15
26.5609	0.611869E-15
29.1505	0.733781E-15
31.9927	0.879592E-15
35.1119	0.105428E-14
38.5353	0.126378E-14
42.2924	0.151489E-14
46.4159	0.181604E-14
50.9414	0.217648E-14
55.9081	0.260696E-14
61.3591	0.312038E-14
67.3415	0.373163E-14
73.9072	0.445924E-14
81.1131	0.532437E-14
89.0215	0.635182E-14
97.7010	0.757117E-14
107.227	0.901768E-14
117.681	0.107299E-13
129.155	0.127546E-13
141.747	0.151475E-13
155.568	0.179688E-13
170.735	0.212914E-13
187.382	0.251953E-13
205.651	0.297710E-13
225.702	0.351224E-13
247.708	0.413650E-13
271.859	0.486193E-13
298.365	0.570233E-13
327.455	0.667196E-13
359.381	0.778745E-13
394.421	0.906473E-13
432.876	0.105220E-12
475.081	0.121782E-12
521.401	0.140506E-12
572.237	0.161610E-12
628.029	0.185294E-12
689.261	0.211779E-12
756.464	0.241312E-12
830.217	0.274122E-12
911.163	0.310462E-12
1000.00	0.350569E-12


E/N (Td)	Growth power /N (eV m3/s)
0.100000	-0.640523E-22
0.109750	-0.640532E-22
0.120450	-0.640542E-22
0.132194	-0.640555E-22
0.145083	-0.640570E-22
0.159228	-0.640589E-22
0.174753	-0.640611E-22
0.191791	-0.640638E-22
0.210490	-0.640670E-22
0.231013	-0.640709E-22
0.253536	-0.640756E-22
0.278256	-0.640813E-22
0.305386	-0.640881E-22
0.335160	-0.640963E-22
0.367838	-0.641061E-22
0.403702	-0.641180E-22
0.443062	-0.641324E-22
0.486260	-0.641496E-22
0.533670	-0.641704E-22
0.585702	-0.641955E-22
0.642807	-0.642257E-22
0.705480	-0.642622E-22
0.774264	-0.643061E-22
0.849753	-0.643590E-22
0.932603	-0.644228E-22
1.02353	-0.644997E-22
1.12332	-0.645926E-22
1.23285	-0.647046E-22
1.35305	-0.648398E-22
1.48497	-0.650030E-22
1.62975	-0.652003E-22
1.78865	-0.654388E-22
1.96304	-0.657273E-22
2.15443	-0.660768E-22
2.36449	-0.665006E-22
2.59502	-0.670166E-22
2.84804	-0.676421E-22
3.12572	-0.684042E-22
3.43047	-0.693346E-22
3.76494	-0.704733E-22
4.13201	-0.718707E-22
4.53488	-0.735908E-22
4.97702	-0.757188E-22
5.46228	-0.783526E-22
5.99484	-0.816286E-22
6.57933	-0.857228E-22
7.22081	-0.908573E-22
7.92483	-0.973656E-22
8.69749	-0.105723E-21
9.54548	-0.116951E-21
10.4762	-0.133639E-21
11.4976	-0.163790E-21
12.6186	-0.233709E-21
13.8489	-0.429393E-21
15.1991	-0.102110E-20
16.6810	-0.281065E-20
18.3074	-0.799274E-20
20.0923	-0.221245E-19
22.0513	-0.580670E-19
24.2013	-0.143121E-18
26.5609	-0.329760E-18
29.1505	-0.710598E-18
31.9927	-0.143295E-17
35.1119	-0.269800E-17
38.5353	-0.474112E-17
42.2924	-0.777177E-17
46.4159	-0.119092E-16
50.9414	-0.171398E-16
55.9081	-0.233073E-16
61.3591	-0.301820E-16
67.3415	-0.374871E-16
73.9072	-0.449413E-16
81.1131	-0.522270E-16
89.0215	-0.589382E-16
97.7010	-0.645027E-16
107.227	-0.680315E-16
117.681	-0.680451E-16
129.155	-0.622247E-16
141.747	-0.469137E-16
155.568	-0.163889E-16
170.735	0.380622E-16
187.382	0.129505E-15
205.651	0.277205E-15
225.702	0.509011E-15
247.708	0.864795E-15
271.859	0.139979E-14
298.365	0.219060E-14
327.455	0.333978E-14
359.381	0.498485E-14
394.421	0.730423E-14
432.876	0.105291E-13
475.081	0.149548E-13
521.401	0.209439E-13
572.237	0.289578E-13
628.029	0.395602E-13
689.261	0.534434E-13
756.464	0.714558E-13
830.217	0.946230E-13
911.163	0.124194E-12
1000.00	0.161647E-12


E/N (Td)	Maximum energy
0.100000	4.93446
0.109750	4.93446
0.120450	4.93446
0.132194	4.93446
0.145083	4.93446
0.159228	4.93446
0.174753	4.93446
0.191791	4.93446
0.210490	4.93446
0.231013	4.93446
0.253536	4.93446
0.278256	4.93446
0.305386	4.93446
0.335160	4.93446
0.367838	4.93446
0.403702	4.93446
0.443062	4.93446
0.486260	4.93446
0.533670	4.93446
0.585702	4.93446
0.642807	4.93446
0.705480	4.93446
0.774264	4.93446
0.849753	4.93446
0.932603	4.93446
1.02353	4.93446
1.12332	4.93446
1.23285	4.93446
1.35305	4.93446
1.48497	4.93446
1.62975	4.93446
1.78865	4.93446
1.96304	4.93446
2.15443	4.93446
2.36449	4.93446
2.59502	5.83291
2.84804	5.83291
3.12572	5.83291
3.43047	5.83291
3.76494	5.83291
4.13201	5.83291
4.53488	5.83291
4.97702	6.89495
5.46228	6.89495
5.99484	6.89495
6.57933	8.15037
7.22081	8.15037
7.92483	8.54142
8.69749	10.0966
9.54548	10.0966
10.4762	10.0966
11.4976	10.0966
12.6186	11.9350
13.8489	11.9350
15.1991	11.9350
16.6810	14.1080
18.3074	14.1080
20.0923	14.1080
22.0513	14.1080
24.2013	16.6768
26.5609	16.6768
29.1505	16.6768
31.9927	19.7132
35.1119	19.7132
38.5353	19.7132
42.2924	23.3025
46.4159	23.3025
50.9414	27.5453
55.9081	27.5453
61.3591	27.5453
67.3415	32.5606
73.9072	32.5606
81.1131	38.4891
89.0215	38.4891
97.7010	38.4891
107.227	45.4971
117.681	45.4971
129.155	53.7809
141.747	53.7809
155.568	63.5731
170.735	63.5731
187.382	63.5731
205.651	75.1482
225.702	75.1482
247.708	88.8308
271.859	88.8308
298.365	105.005
327.455	124.123
359.381	124.123
394.421	146.723
432.876	146.723
475.081	173.438
521.401	205.017
572.237	205.017
628.029	242.345
689.261	286.470
756.464	286.470
830.217	338.629
911.163	400.285
1000.00	473.167


E/N (Td)	# of iterations
0.100000	8.00000
0.109750	8.00000
0.120450	8.00000
0.132194	8.00000
0.145083	8.00000
0.159228	8.00000
0.174753	8.00000
0.191791	8.00000
0.210490	8.00000
0.231013	8.00000
0.253536	8.00000
0.278256	8.00000
0.305386	8.00000
0.335160	8.00000
0.367838	8.00000
0.403702	8.00000
0.443062	8.00000
0.486260	8.00000
0.533670	8.00000
0.585702	8.00000
0.642807	8.00000
0.705480	8.00000
0.774264	9.00000
0.849753	9.00000
0.932603	9.00000
1.02353	9.00000
1.12332	9.00000
1.23285	9.00000
1.35305	9.00000
1.48497	9.00000
1.62975	10.0000
1.78865	10.0000
1.96304	10.0000
2.15443	10.0000
2.36449	10.0000
2.59502	18.0000
2.84804	9.00000
3.12572	9.00000
3.43047	9.00000
3.76494	8.00000
4.13201	8.00000
4.53488	8.00000
4.97702	17.0000
5.46228	9.00000
5.99484	9.00000
6.57933	17.0000
7.22081	9.00000
7.92483	5024.00
8.69749	19.0000
9.54548	9.00000
10.4762	9.00000
11.4976	9.00000
12.6186	17.0000
13.8489	9.00000
15.1991	8.00000
16.6810	17.0000
18.3074	8.00000
20.0923	8.00000
22.0513	8.00000
24.2013	15.0000
26.5609	8.00000
29.1505	7.00000
31.9927	14.0000
35.1119	7.00000
38.5353	7.00000
42.2924	13.0000
46.4159	6.00000
50.9414	13.0000
55.9081	6.00000
61.3591	6.00000
67.3415	12.0000
73.9072	6.00000
81.1131	12.0000
89.0215	6.00000
97.7010	6.00000
107.227	12.0000
117.681	6.00000
129.155	12.0000
141.747	6.00000
155.568	12.0000
170.735	6.00000
187.382	6.00000
205.651	11.0000
225.702	5.00000
247.708	11.0000
271.859	6.00000
298.365	12.0000
327.455	11.0000
359.381	6.00000
394.421	12.0000
432.876	6.00000
475.081	14.0000
521.401	14.0000
572.237	7.00000
628.029	14.0000
689.261	15.0000
756.464	7.00000
830.217	15.0000
911.163	17.0000
1000.00	18.0000


E/N (Td)	# of grid trials
0.100000	1.00000
0.109750	1.00000
0.120450	1.00000
0.132194	1.00000
0.145083	1.00000
0.159228	1.00000
0.174753	1.00000
0.191791	1.00000
0.210490	1.00000
0.231013	1.00000
0.253536	1.00000
0.278256	1.00000
0.305386	1.00000
0.335160	1.00000
0.367838	1.00000
0.403702	1.00000
0.443062	1.00000
0.486260	1.00000
0.533670	1.00000
0.585702	1.00000
0.642807	1.00000
0.705480	1.00000
0.774264	1.00000
0.849753	1.00000
0.932603	1.00000
1.02353	1.00000
1.12332	1.00000
1.23285	1.00000
1.35305	1.00000
1.48497	1.00000
1.62975	1.00000
1.78865	1.00000
1.96304	1.00000
2.15443	1.00000
2.36449	1.00000
2.59502	2.00000
2.84804	1.00000
3.12572	1.00000
3.43047	1.00000
3.76494	1.00000
4.13201	1.00000
4.53488	1.00000
4.97702	2.00000
5.46228	1.00000
5.99484	1.00000
6.57933	2.00000
7.22081	1.00000
7.92483	4.00000
8.69749	2.00000
9.54548	1.00000
10.4762	1.00000
11.4976	1.00000
12.6186	2.00000
13.8489	1.00000
15.1991	1.00000
16.6810	2.00000
18.3074	1.00000
20.0923	1.00000
22.0513	1.00000
24.2013	2.00000
26.5609	1.00000
29.1505	1.00000
31.9927	2.00000
35.1119	1.00000
38.5353	1.00000
42.2924	2.00000
46.4159	1.00000
50.9414	2.00000
55.9081	1.00000
61.3591	1.00000
67.3415	2.00000
73.9072	1.00000
81.1131	2.00000
89.0215	1.00000
97.7010	1.00000
107.227	2.00000
117.681	1.00000
129.155	2.00000
141.747	1.00000
155.568	2.00000
170.735	1.00000
187.382	1.00000
205.651	2.00000
225.702	1.00000
247.708	2.00000
271.859	1.00000
298.365	2.00000
327.455	2.00000
359.381	1.00000
394.421	2.00000
432.876	1.00000
475.081	2.00000
521.401	2.00000
572.237	1.00000
628.029	2.00000
689.261	2.00000
756.464	1.00000
830.217	2.00000
911.163	2.00000
1000.00	2.00000


E/N (Td)	Error code
0.100000	-1.00000
0.109750	-1.00000
0.120450	-1.00000
0.132194	-1.00000
0.145083	-1.00000
0.159228	-1.00000
0.174753	-1.00000
0.191791	-1.00000
0.210490	-1.00000
0.231013	-1.00000
0.253536	-1.00000
0.278256	-1.00000
0.305386	-1.00000
0.335160	-1.00000
0.367838	-1.00000
0.403702	-1.00000
0.443062	-1.00000
0.486260	-1.00000
0.533670	-1.00000
0.585702	-1.00000
0.642807	-1.00000
0.705480	-1.00000
0.774264	-1.00000
0.849753	-1.00000
0.932603	-1.00000
1.02353	-1.00000
1.12332	-1.00000
1.23285	-1.00000
1.35305	-1.00000
1.48497	-1.00000
1.62975	-1.00000
1.78865	-1.00000
1.96304	-1.00000
2.15443	-1.00000
2.36449	-1.00000
2.59502	-1.00000
2.84804	-1.00000
3.12572	-1.00000
3.43047	-1.00000
3.76494	-1.00000
4.13201	-1.00000
4.53488	-1.00000
4.97702	-1.00000
5.46228	-1.00000
5.99484	-1.00000
6.57933	-1.00000
7.22081	-1.00000
7.92483	-1.00000
8.69749	-1.00000
9.54548	-1.00000
10.4762	-1.00000
11.4976	-1.00000
12.6186	-1.00000
13.8489	-1.00000
15.1991	-1.00000
16.6810	-1.00000
18.3074	-1.00000
20.0923	-1.00000
22.0513	-1.00000
24.2013	-1.00000
26.5609	-1.00000
29.1505	-1.00000
31.9927	-1.00000
35.1119	-1.00000
38.5353	-1.00000
42.2924	-1.00000
46.4159	-1.00000
50.9414	-1.00000
55.9081	-1.00000
61.3591	-1.00000
67.3415	-1.00000
73.9072	-1.00000
81.1131	-1.00000
89.0215	-1.00000
97.7010	-1.00000
107.227	-1.00000
117.681	-1.00000
129.155	-1.00000
141.747	-1.00000
155.568	-1.00000
170.735	-1.00000
187.382	-1.00000
205.651	-1.00000
225.702	-1.00000
247.708	-1.00000
271.859	-1.00000
298.365	-1.00000
327.455	-1.00000
359.381	-1.00000
394.421	-1.00000
432.876	-1.00000
475.081	-1.00000
521.401	-1.00000
572.237	-1.00000
628.029	-1.00000
689.261	-1.00000
756.464	-1.00000
830.217	-1.00000
911.163	-1.00000
1000.00	-1.00000
