BOLSIG+ version: 07/2024
Collision input data:
--------------------------------------------------
CO2                                                             
C:\Users\pierr\Documents\GitHub\pyresiflex\src\pyresiflex\data\cross_sections\Bolsig\concat_xsections.dat
--------------------------------------------------
CO                                                              
C:\Users\pierr\Documents\GitHub\pyresiflex\src\pyresiflex\data\cross_sections\Bolsig\concat_xsections.dat
--------------------------------------------------
H2O                                                             
C:\Users\pierr\Documents\GitHub\pyresiflex\src\pyresiflex\data\cross_sections\Bolsig\concat_xsections.dat
--------------------------------------------------
N2                                                              
C:\Users\pierr\Documents\GitHub\pyresiflex\src\pyresiflex\data\cross_sections\Bolsig\concat_xsections.dat
--------------------------------------------------
O2                                                              
C:\Users\pierr\Documents\GitHub\pyresiflex\src\pyresiflex\data\cross_sections\Bolsig\concat_xsections.dat
 
 
 
Angular frequency / N (m3.rad/s)           0.00000    
Cosine of E-B field angle                  0.00000    
Gas temperature (K)                        2000.00    
Excitation temperature (K)                 2000.00    
Transition energy (eV)                     0.00000    
Ionization degree                          0.00000    
Gas particle density (1/m3)               0.329500E+23
Ion charge parameter                       0.00000    
Ion/neutral mass ratio                     1.00000    
Coulomb collision model                    1.00000    
Energy sharing                             1.00000    
Growth model                               1.00000    
Maxwellian mean energy (eV)                0.00000    
# of grid points                           100.000    
Precision                                 0.100000E-09
Convergence                               0.100000E-04
Maximum # of iterations                    2000.00    
Mole fraction CO2                         0.770000E-01
Mole fraction CO                          0.100000E-02
Mole fraction H2O                         0.153000    
Mole fraction N2                          0.718000    
Mole fraction O2                          0.370000E-01
 
 
E/N (Td)      	Electric field / N (Td)                                         
1.00000	1.00000
2.18787	2.18787
5.75149	5.75149
11.6908	11.6908
20.0059	20.0059
30.6968	30.6968
43.7634	43.7634
59.2057	59.2057
77.0238	77.0238
97.2176	97.2176
119.787	119.787
144.732	144.732
172.054	172.054
201.750	201.750
233.823	233.823
268.271	268.271
305.095	305.095
344.295	344.295
385.870	385.870
429.822	429.822
476.149	476.149
524.851	524.851
575.930	575.930
629.384	629.384
685.214	685.214
743.420	743.420
804.001	804.001
866.958	866.958
932.291	932.291
1000.00	1000.00
 
 
E/N (Td)      	Grid type                                                       
1.00000	0.00000
2.18787	3.00000
5.75149	3.00000
11.6908	3.00000
20.0059	3.00000
30.6968	3.00000
43.7634	3.00000
59.2057	3.00000
77.0238	3.00000
97.2176	3.00000
119.787	3.00000
144.732	3.00000
172.054	3.00000
201.750	3.00000
233.823	3.00000
268.271	3.00000
305.095	3.00000
344.295	3.00000
385.870	3.00000
429.822	3.00000
476.149	3.00000
524.851	3.00000
575.930	3.00000
629.384	3.00000
685.214	3.00000
743.420	3.00000
804.001	3.00000
866.958	3.00000
932.291	3.00000
1000.00	3.00000
 
 
E/N (Td)      	Maximum energy                                                  
1.00000	-1.00000
2.18787	4.20996
5.75149	4.20996
11.6908	4.90169
20.0059	10.4876
30.6968	14.2170
43.7634	16.5529
59.2057	19.2726
77.0238	26.1259
97.2176	30.4184
119.787	35.4161
144.732	41.2350
172.054	48.0100
201.750	55.8980
233.823	65.0821
268.271	75.7751
305.095	75.7751
344.295	88.2250
385.870	102.720
429.822	119.597
476.149	119.597
524.851	139.247
575.930	162.126
629.384	162.126
685.214	188.763
743.420	219.777
804.001	219.777
866.958	255.886
932.291	297.928
1000.00	297.928
 
 
E/N (Td)	Mean energy (eV)
1.00000	0.259809
2.18787	0.264469
5.75149	0.302852
11.6908	0.457268
20.0059	0.757228
30.6968	1.21727
43.7634	1.99551
59.2057	2.81207
77.0238	3.45689
97.2176	3.96502
119.787	4.39752
144.732	4.79581
172.054	5.18733
201.750	5.58395
233.823	5.99743
268.271	6.43634
305.095	6.90425
344.295	7.40614
385.870	7.93967
429.822	8.50788
476.149	9.10985
524.851	9.74360
575.930	10.4096
629.384	11.1058
685.214	11.8331
743.420	12.5895
804.001	13.3748
866.958	14.1893
932.291	15.0340
1000.00	15.9093
 
 
E/N (Td)	Mobility *N (1/m/V/s)
1.00000	0.810963E+24
2.18787	0.813074E+24
5.75149	0.831631E+24
11.6908	0.874532E+24
20.0059	0.896001E+24
30.6968	0.880796E+24
43.7634	0.859878E+24
59.2057	0.840538E+24
77.0238	0.820432E+24
97.2176	0.800264E+24
119.787	0.780160E+24
144.732	0.760399E+24
172.054	0.740904E+24
201.750	0.722164E+24
233.823	0.704017E+24
268.271	0.686769E+24
305.095	0.670233E+24
344.295	0.654818E+24
385.870	0.639843E+24
429.822	0.625785E+24
476.149	0.612493E+24
524.851	0.599746E+24
575.930	0.587684E+24
629.384	0.576102E+24
685.214	0.565246E+24
743.420	0.554830E+24
804.001	0.544883E+24
866.958	0.535391E+24
932.291	0.526373E+24
1000.00	0.517766E+24
 
 
E/N (Td)	Diffusion coefficient *N (1/m/s)
1.00000	0.140733E+24
2.18787	0.143852E+24
5.75149	0.170972E+24
11.6908	0.279284E+24
20.0059	0.478778E+24
30.6968	0.751555E+24
43.7634	0.118542E+25
59.2057	0.162762E+25
77.0238	0.196132E+25
97.2176	0.220849E+25
119.787	0.240400E+25
144.732	0.256986E+25
172.054	0.272045E+25
201.750	0.286330E+25
233.823	0.300267E+25
268.271	0.314391E+25
305.095	0.328791E+25
344.295	0.343993E+25
385.870	0.359436E+25
429.822	0.375661E+25
476.149	0.392570E+25
524.851	0.409925E+25
575.930	0.427926E+25
629.384	0.446443E+25
685.214	0.465596E+25
743.420	0.485036E+25
804.001	0.504924E+25
866.958	0.525247E+25
932.291	0.546015E+25
1000.00	0.567342E+25
 
 
E/N (Td)	Energy mobility *N (1/m/V/s)
1.00000	0.149071E+25
2.18787	0.149457E+25
5.75149	0.152821E+25
11.6908	0.156216E+25
20.0059	0.151368E+25
30.6968	0.144828E+25
43.7634	0.139384E+25
59.2057	0.134639E+25
77.0238	0.130275E+25
97.2176	0.126164E+25
119.787	0.122231E+25
144.732	0.118461E+25
172.054	0.114862E+25
201.750	0.111448E+25
233.823	0.108277E+25
268.271	0.105337E+25
305.095	0.102617E+25
344.295	0.100148E+25
385.870	0.978371E+24
429.822	0.957099E+24
476.149	0.937402E+24
524.851	0.918916E+24
575.930	0.901529E+24
629.384	0.885030E+24
685.214	0.869666E+24
743.420	0.855047E+24
804.001	0.841244E+24
866.958	0.828178E+24
932.291	0.815790E+24
1000.00	0.804078E+24
 
 
E/N (Td)	Energy diffusion coef. *N (1/m/s)
1.00000	0.259081E+24
2.18787	0.267097E+24
5.75149	0.334684E+24
11.6908	0.535980E+24
20.0059	0.776994E+24
30.6968	0.127580E+25
43.7634	0.203408E+25
59.2057	0.255283E+25
77.0238	0.286852E+25
97.2176	0.309209E+25
119.787	0.327446E+25
144.732	0.343891E+25
172.054	0.359881E+25
201.750	0.376164E+25
233.823	0.393474E+25
268.271	0.412188E+25
305.095	0.432490E+25
344.295	0.454756E+25
385.870	0.478475E+25
429.822	0.503886E+25
476.149	0.530811E+25
524.851	0.558889E+25
575.930	0.588076E+25
629.384	0.618146E+25
685.214	0.649382E+25
743.420	0.681395E+25
804.001	0.714371E+25
866.958	0.748310E+25
932.291	0.783234E+25
1000.00	0.819317E+25
 
 
E/N (Td)	Total collision freq. /N (m3/s)
1.00000	0.284268E-12
2.18787	0.283141E-12
5.75149	0.274984E-12
11.6908	0.250817E-12
20.0059	0.220608E-12
30.6968	0.204423E-12
43.7634	0.200285E-12
59.2057	0.200826E-12
77.0238	0.202593E-12
97.2176	0.204785E-12
119.787	0.207285E-12
144.732	0.210093E-12
172.054	0.213240E-12
201.750	0.216699E-12
233.823	0.220457E-12
268.271	0.224487E-12
305.095	0.228734E-12
344.295	0.233163E-12
385.870	0.237698E-12
429.822	0.242313E-12
476.149	0.246965E-12
524.851	0.251609E-12
575.930	0.256230E-12
629.384	0.260799E-12
685.214	0.265309E-12
743.420	0.269739E-12
804.001	0.274079E-12
866.958	0.278325E-12
932.291	0.282479E-12
1000.00	0.286537E-12
 
 
E/N (Td)	Momentum frequency /N (m3/s)
1.00000	0.216880E-12
2.18787	0.216317E-12
5.75149	0.211490E-12
11.6908	0.201116E-12
20.0059	0.196297E-12
30.6968	0.199685E-12
43.7634	0.204543E-12
59.2057	0.209249E-12
77.0238	0.214377E-12
97.2176	0.219780E-12
119.787	0.225444E-12
144.732	0.231302E-12
172.054	0.237388E-12
201.750	0.243548E-12
233.823	0.249826E-12
268.271	0.256101E-12
305.095	0.262419E-12
344.295	0.268597E-12
385.870	0.274883E-12
429.822	0.281058E-12
476.149	0.287158E-12
524.851	0.293261E-12
575.930	0.299280E-12
629.384	0.305296E-12
685.214	0.311160E-12
743.420	0.317001E-12
804.001	0.322789E-12
866.958	0.328511E-12
932.291	0.334139E-12
1000.00	0.339694E-12
 
 
E/N (Td)	Total ionization freq. /N (m3/s)
1.00000	0.00000
2.18787	0.00000
5.75149	0.00000
11.6908	0.00000
20.0059	0.121392E-26
30.6968	0.723093E-23
43.7634	0.119524E-20
59.2057	0.285687E-19
77.0238	0.252062E-18
97.2176	0.128781E-17
119.787	0.468851E-17
144.732	0.135171E-16
172.054	0.328947E-16
201.750	0.701547E-16
233.823	0.134932E-15
268.271	0.238411E-15
305.095	0.392631E-15
344.295	0.609853E-15
385.870	0.900390E-15
429.822	0.127392E-14
476.149	0.173803E-14
524.851	0.229790E-14
575.930	0.295756E-14
629.384	0.371848E-14
685.214	0.458367E-14
743.420	0.555132E-14
804.001	0.662097E-14
866.958	0.779067E-14
932.291	0.905907E-14
1000.00	0.104233E-13
 
 
E/N (Td)	Total attachment freq. /N (m3/s)
1.00000	0.245045E-21
2.18787	0.247000E-21
5.75149	0.262477E-21
11.6908	0.389099E-21
20.0059	0.321454E-19
30.6968	0.952405E-18
43.7634	0.482240E-17
59.2057	0.100196E-16
77.0238	0.143026E-16
97.2176	0.174258E-16
119.787	0.196583E-16
144.732	0.212412E-16
172.054	0.223444E-16
201.750	0.230448E-16
233.823	0.234254E-16
268.271	0.235519E-16
305.095	0.234702E-16
344.295	0.232279E-16
385.870	0.228500E-16
429.822	0.223748E-16
476.149	0.218253E-16
524.851	0.212199E-16
575.930	0.205788E-16
629.384	0.199186E-16
685.214	0.192436E-16
743.420	0.185654E-16
804.001	0.178937E-16
866.958	0.172328E-16
932.291	0.165867E-16
1000.00	0.159602E-16
 
 
E/N (Td)	Townsend ioniz. coef. alpha/N (m2)
1.00000	0.00000
2.18787	0.00000
5.75149	0.00000
11.6908	0.00000
20.0059	0.677210E-31
30.6968	0.267440E-27
43.7634	0.317619E-25
59.2057	0.574076E-24
77.0238	0.398878E-23
97.2176	0.165528E-22
119.787	0.501697E-22
144.732	0.122822E-21
172.054	0.258048E-21
201.750	0.481511E-21
233.823	0.819681E-21
268.271	0.129402E-20
305.095	0.192010E-20
344.295	0.270504E-20
385.870	0.364683E-20
429.822	0.473619E-20
476.149	0.595956E-20
524.851	0.730009E-20
575.930	0.873816E-20
629.384	0.102553E-19
685.214	0.118345E-19
743.420	0.134587E-19
804.001	0.151134E-19
866.958	0.167844E-19
932.291	0.184603E-19
1000.00	0.201313E-19
 
 
E/N (Td)	Townsend attach. coef. eta/N (m2)
1.00000	0.302165E-24
2.18787	0.138850E-24
5.75149	0.548757E-25
11.6908	0.380574E-25
20.0059	0.179329E-23
30.6968	0.352252E-22
43.7634	0.128149E-21
59.2057	0.201341E-21
77.0238	0.226332E-21
97.2176	0.223982E-21
119.787	0.210354E-21
144.732	0.193006E-21
172.054	0.175284E-21
201.750	0.158170E-21
233.823	0.142304E-21
268.271	0.127832E-21
305.095	0.114777E-21
344.295	0.103029E-21
385.870	0.925489E-22
429.822	0.831849E-22
476.149	0.748371E-22
524.851	0.674125E-22
575.930	0.608006E-22
629.384	0.549342E-22
685.214	0.496846E-22
743.420	0.450101E-22
804.001	0.408451E-22
866.958	0.371268E-22
932.291	0.337998E-22
1000.00	0.308251E-22
 
 
E/N (Td)	Power /N (eV m3/s)
1.00000	0.810963E-18
2.18787	0.389201E-17
5.75149	0.275100E-16
11.6908	0.119527E-15
20.0059	0.358613E-15
30.6968	0.829968E-15
43.7634	0.164687E-14
59.2057	0.294635E-14
77.0238	0.486734E-14
97.2176	0.756351E-14
119.787	0.111945E-13
144.732	0.159284E-13
172.054	0.219325E-13
201.750	0.293944E-13
233.823	0.384908E-13
268.271	0.494264E-13
305.095	0.623873E-13
344.295	0.776215E-13
385.870	0.952701E-13
429.822	0.115612E-12
476.149	0.138863E-12
524.851	0.165211E-12
575.930	0.194932E-12
629.384	0.228208E-12
685.214	0.265394E-12
743.420	0.306640E-12
804.001	0.352222E-12
866.958	0.402409E-12
932.291	0.457506E-12
1000.00	0.517766E-12
 
 
E/N (Td)	Elastic power loss /N (eV m3/s)
1.00000	0.162292E-19
2.18787	0.675328E-19
5.75149	0.481174E-18
11.6908	0.200572E-17
20.0059	0.481553E-17
30.6968	0.917869E-17
43.7634	0.167238E-16
59.2057	0.248543E-16
77.0238	0.315629E-16
97.2176	0.371733E-16
119.787	0.422761E-16
144.732	0.472875E-16
172.054	0.524970E-16
201.750	0.580351E-16
233.823	0.640331E-16
268.271	0.705803E-16
305.095	0.777186E-16
344.295	0.855015E-16
385.870	0.938893E-16
429.822	0.102913E-15
476.149	0.112573E-15
524.851	0.122836E-15
575.930	0.133703E-15
629.384	0.145167E-15
685.214	0.157242E-15
743.420	0.169884E-15
804.001	0.183122E-15
866.958	0.196948E-15
932.291	0.211359E-15
1000.00	0.226396E-15
 
 
E/N (Td)	Inelastic power loss /N (eV m3/s)
1.00000	0.838703E-18
2.18787	0.382010E-17
5.75149	0.270248E-16
11.6908	0.117481E-15
20.0059	0.353522E-15
30.6968	0.821751E-15
43.7634	0.163926E-14
59.2057	0.294914E-14
77.0238	0.488434E-14
97.2176	0.759096E-14
119.787	0.112181E-13
144.732	0.159129E-13
172.054	0.218296E-13
201.750	0.290717E-13
233.823	0.377573E-13
268.271	0.479724E-13
305.095	0.597601E-13
344.295	0.731919E-13
385.870	0.882134E-13
429.822	0.104865E-12
476.149	0.123120E-12
524.851	0.142910E-12
575.930	0.164230E-12
629.384	0.186995E-12
685.214	0.211221E-12
743.420	0.236812E-12
804.001	0.263720E-12
866.958	0.291901E-12
932.291	0.321339E-12
1000.00	0.351980E-12
 
 
E/N (Td)	Growth power /N (eV m3/s)
1.00000	-0.636991E-22
2.18787	-0.653585E-22
5.75149	-0.795346E-22
11.6908	-0.178059E-21
20.0059	-0.243567E-19
30.6968	-0.115985E-17
43.7634	-0.962387E-17
59.2057	-0.281044E-16
77.0238	-0.485853E-16
97.2176	-0.640065E-16
119.787	-0.658504E-16
144.732	-0.370556E-16
172.054	0.547480E-16
201.750	0.263162E-15
233.823	0.669034E-15
268.271	0.138345E-14
305.095	0.254986E-14
344.295	0.434664E-14
385.870	0.697088E-14
429.822	0.106530E-13
476.149	0.156424E-13
524.851	0.221954E-13
575.930	0.305886E-13
629.384	0.410988E-13
685.214	0.540448E-13
743.420	0.696950E-13
804.001	0.883713E-13
866.958	0.110377E-12
932.291	0.136035E-12
1000.00	0.165695E-12
 
 
E/N (Td)	Maximum energy
1.00000	4.20996
2.18787	4.20996
5.75149	4.90169
11.6908	10.4876
20.0059	14.2170
30.6968	16.5529
43.7634	19.2726
59.2057	26.1259
77.0238	30.4184
97.2176	35.4161
119.787	41.2350
144.732	48.0100
172.054	55.8980
201.750	65.0821
233.823	75.7751
268.271	75.7751
305.095	88.2250
344.295	102.720
385.870	119.597
429.822	119.597
476.149	139.247
524.851	162.126
575.930	162.126
629.384	188.763
685.214	219.777
743.420	219.777
804.001	255.886
866.958	297.928
932.291	297.928
1000.00	346.878
 
 
E/N (Td)	# of iterations
1.00000	1031.00
2.18787	9.00000
5.75149	19.0000
11.6908	63.0000
20.0059	31.0000
30.6968	18.0000
43.7634	15.0000
59.2057	19.0000
77.0238	12.0000
97.2176	12.0000
119.787	12.0000
144.732	12.0000
172.054	11.0000
201.750	10.0000
233.823	10.0000
268.271	5.00000
305.095	10.0000
344.295	11.0000
385.870	11.0000
429.822	6.00000
476.149	12.0000
524.851	12.0000
575.930	6.00000
629.384	13.0000
685.214	13.0000
743.420	7.00000
804.001	14.0000
866.958	14.0000
932.291	7.00000
1000.00	15.0000
 
 
E/N (Td)	# of grid trials
1.00000	4.00000
2.18787	1.00000
5.75149	2.00000
11.6908	6.00000
20.0059	3.00000
30.6968	2.00000
43.7634	2.00000
59.2057	3.00000
77.0238	2.00000
97.2176	2.00000
119.787	2.00000
144.732	2.00000
172.054	2.00000
201.750	2.00000
233.823	2.00000
268.271	1.00000
305.095	2.00000
344.295	2.00000
385.870	2.00000
429.822	1.00000
476.149	2.00000
524.851	2.00000
575.930	1.00000
629.384	2.00000
685.214	2.00000
743.420	1.00000
804.001	2.00000
866.958	2.00000
932.291	1.00000
1000.00	2.00000
 
 
E/N (Td)	Error code
1.00000	-1.00000
2.18787	-1.00000
5.75149	-1.00000
11.6908	-1.00000
20.0059	-1.00000
30.6968	-1.00000
43.7634	-1.00000
59.2057	-1.00000
77.0238	-1.00000
97.2176	-1.00000
119.787	-1.00000
144.732	-1.00000
172.054	-1.00000
201.750	-1.00000
233.823	-1.00000
268.271	-1.00000
305.095	-1.00000
344.295	-1.00000
385.870	-1.00000
429.822	-1.00000
476.149	-1.00000
524.851	-1.00000
575.930	-1.00000
629.384	-1.00000
685.214	-1.00000
743.420	-1.00000
804.001	-1.00000
866.958	-1.00000
932.291	-1.00000
1000.00	-1.00000
 
 
